+------------------------------------------------------------------------------------------------------------------------------------------------------------------------------------------------------------------------------------------------------------------------+
; Legal Partition Candidates                                                                                                                                                                                                                                             ;
+-------------------------------------------------------------------+-------+----------------+--------------+----------------+--------+-----------------+---------------+-----------------+-------+----------------+--------------+------------------+-------------------+
; Hierarchy                                                         ; Input ; Constant Input ; Unused Input ; Floating Input ; Output ; Constant Output ; Unused Output ; Floating Output ; Bidir ; Constant Bidir ; Unused Bidir ; Input only Bidir ; Output only Bidir ;
+-------------------------------------------------------------------+-------+----------------+--------------+----------------+--------+-----------------+---------------+-----------------+-------+----------------+--------------+------------------+-------------------+
; RAM|altsyncram_component|auto_generated|altsyncram1|mux7          ; 65    ; 0              ; 0            ; 0              ; 32     ; 0               ; 0             ; 0               ; 0     ; 0              ; 0            ; 0                ; 0                 ;
; RAM|altsyncram_component|auto_generated|altsyncram1|mux6          ; 65    ; 0              ; 0            ; 0              ; 32     ; 0               ; 0             ; 0               ; 0     ; 0              ; 0            ; 0                ; 0                 ;
; RAM|altsyncram_component|auto_generated|altsyncram1|rden_decode_b ; 1     ; 0              ; 0            ; 0              ; 2      ; 0               ; 0             ; 0               ; 0     ; 0              ; 0            ; 0                ; 0                 ;
; RAM|altsyncram_component|auto_generated|altsyncram1|rden_decode_a ; 1     ; 0              ; 0            ; 0              ; 2      ; 0               ; 0             ; 0               ; 0     ; 0              ; 0            ; 0                ; 0                 ;
; RAM|altsyncram_component|auto_generated|altsyncram1|decode5       ; 2     ; 0              ; 0            ; 0              ; 2      ; 0               ; 0             ; 0               ; 0     ; 0              ; 0            ; 0                ; 0                 ;
; RAM|altsyncram_component|auto_generated|altsyncram1|decode4       ; 2     ; 0              ; 0            ; 0              ; 2      ; 0               ; 0             ; 0               ; 0     ; 0              ; 0            ; 0                ; 0                 ;
; RAM|altsyncram_component|auto_generated|altsyncram1               ; 96    ; 0              ; 0            ; 0              ; 64     ; 0               ; 0             ; 0               ; 0     ; 0              ; 0            ; 0                ; 0                 ;
; RAM|altsyncram_component|auto_generated                           ; 48    ; 0              ; 0            ; 0              ; 32     ; 0               ; 0             ; 0               ; 0     ; 0              ; 0            ; 0                ; 0                 ;
; RAM                                                               ; 68    ; 0              ; 0            ; 0              ; 34     ; 0               ; 0             ; 0               ; 0     ; 0              ; 0            ; 0                ; 0                 ;
; CPU|CC                                                            ; 137   ; 34             ; 4            ; 34             ; 166    ; 34              ; 34            ; 34              ; 0     ; 0              ; 0            ; 0                ; 0                 ;
; CPU|CM|DCACHE                                                     ; 137   ; 2              ; 35           ; 2              ; 102    ; 2               ; 2             ; 2               ; 0     ; 0              ; 0            ; 0                ; 0                 ;
; CPU|CM|ICACHE                                                     ; 68    ; 0              ; 0            ; 0              ; 66     ; 0               ; 0             ; 0               ; 0     ; 0              ; 0            ; 0                ; 0                 ;
; CPU|CM                                                            ; 2     ; 0              ; 0            ; 0              ; 0      ; 0               ; 0             ; 0               ; 369   ; 0              ; 0            ; 0                ; 0                 ;
; CPU|DP|latch4                                                     ; 203   ; 0              ; 2            ; 0              ; 198    ; 0               ; 0             ; 0               ; 0     ; 0              ; 0            ; 0                ; 0                 ;
; CPU|DP|latch3                                                     ; 177   ; 0              ; 0            ; 0              ; 171    ; 0               ; 0             ; 0               ; 0     ; 0              ; 0            ; 0                ; 0                 ;
; CPU|DP|latch2                                                     ; 182   ; 0              ; 2            ; 0              ; 175    ; 0               ; 0             ; 0               ; 0     ; 0              ; 0            ; 0                ; 0                 ;
; CPU|DP|latch1                                                     ; 70    ; 0              ; 1            ; 0              ; 64     ; 0               ; 0             ; 0               ; 0     ; 0              ; 0            ; 0                ; 0                 ;
; CPU|DP|hazard                                                     ; 68    ; 0              ; 49           ; 0              ; 4      ; 0               ; 0             ; 0               ; 0     ; 0              ; 0            ; 0                ; 0                 ;
; CPU|DP|forward                                                    ; 98    ; 0              ; 76           ; 0              ; 4      ; 0               ; 0             ; 0               ; 0     ; 0              ; 0            ; 0                ; 0                 ;
; CPU|DP|reg_file                                                   ; 50    ; 0              ; 0            ; 0              ; 64     ; 0               ; 0             ; 0               ; 0     ; 0              ; 0            ; 0                ; 0                 ;
; CPU|DP|alu                                                        ; 68    ; 0              ; 0            ; 0              ; 35     ; 0               ; 0             ; 0               ; 0     ; 0              ; 0            ; 0                ; 0                 ;
; CPU|DP|control                                                    ; 32    ; 0              ; 15           ; 0              ; 15     ; 0               ; 0             ; 0               ; 0     ; 0              ; 0            ; 0                ; 0                 ;
; CPU|DP|generator                                                  ; 32    ; 0              ; 0            ; 0              ; 32     ; 0               ; 0             ; 0               ; 0     ; 0              ; 0            ; 0                ; 0                 ;
; CPU|DP|memwb_if                                                   ; 0     ; 0              ; 0            ; 0              ; 0      ; 0               ; 0             ; 0               ; 399   ; 0              ; 399          ; 0                ; 399               ;
; CPU|DP|exemem_if                                                  ; 0     ; 0              ; 0            ; 0              ; 0      ; 0               ; 0             ; 0               ; 346   ; 0              ; 346          ; 0                ; 346               ;
; CPU|DP|idexe_if                                                   ; 0     ; 0              ; 0            ; 0              ; 0      ; 0               ; 0             ; 0               ; 355   ; 0              ; 355          ; 0                ; 355               ;
; CPU|DP|ifid_if                                                    ; 0     ; 0              ; 0            ; 0              ; 0      ; 0               ; 0             ; 0               ; 132   ; 0              ; 132          ; 0                ; 132               ;
; CPU|DP|huif                                                       ; 0     ; 0              ; 0            ; 0              ; 0      ; 0               ; 0             ; 0               ; 72    ; 0              ; 72           ; 0                ; 72                ;
; CPU|DP|fuif                                                       ; 0     ; 0              ; 0            ; 0              ; 0      ; 0               ; 0             ; 0               ; 102   ; 0              ; 102          ; 0                ; 102               ;
; CPU|DP|rfif                                                       ; 0     ; 0              ; 0            ; 0              ; 0      ; 0               ; 0             ; 0               ; 112   ; 0              ; 112          ; 0                ; 112               ;
; CPU|DP|aluif                                                      ; 0     ; 0              ; 0            ; 0              ; 0      ; 0               ; 0             ; 0               ; 103   ; 0              ; 103          ; 0                ; 103               ;
; CPU|DP|cuif                                                       ; 0     ; 0              ; 0            ; 0              ; 0      ; 0               ; 0             ; 0               ; 80    ; 0              ; 80           ; 0                ; 80                ;
; CPU|DP|igif                                                       ; 0     ; 0              ; 0            ; 0              ; 0      ; 0               ; 0             ; 0               ; 64    ; 0              ; 64           ; 0                ; 64                ;
; CPU|DP                                                            ; 68    ; 2              ; 0            ; 2              ; 101    ; 2               ; 2             ; 2               ; 0     ; 0              ; 0            ; 0                ; 0                 ;
; CPU|ccif                                                          ; 0     ; 0              ; 0            ; 0              ; 0      ; 0               ; 0             ; 0               ; 703   ; 0              ; 301          ; 0                ; 301               ;
; CPU|cif1                                                          ; 0     ; 0              ; 0            ; 0              ; 0      ; 0               ; 0             ; 0               ; 201   ; 0              ; 201          ; 0                ; 201               ;
; CPU|cif0                                                          ; 0     ; 0              ; 0            ; 0              ; 0      ; 0               ; 0             ; 0               ; 201   ; 0              ; 201          ; 0                ; 201               ;
; CPU|dcif                                                          ; 0     ; 0              ; 0            ; 0              ; 0      ; 0               ; 0             ; 0               ; 168   ; 0              ; 168          ; 0                ; 168               ;
; CPU                                                               ; 36    ; 0              ; 0            ; 0              ; 67     ; 0               ; 0             ; 0               ; 0     ; 0              ; 0            ; 0                ; 0                 ;
; prif                                                              ; 0     ; 0              ; 0            ; 0              ; 0      ; 0               ; 0             ; 0               ; 166   ; 0              ; 166          ; 0                ; 166               ;
+-------------------------------------------------------------------+-------+----------------+--------------+----------------+--------+-----------------+---------------+-----------------+-------+----------------+--------------+------------------+-------------------+
